dcoppt

plot {vdc(x1) vdc(x2) vdc(x3) vdc(x4) vdc(x5) vdc(x6) vdc(x9,x7) vdc(x0,x9) vdc(x7,x9) vdc(vpos,x5) vdc(x1,x5)}

dcg {
x2=	6.78807
x3=	1.06012
x1=	5.50377
x4=	8.03583
x6=	1.83201
x7=	1.31753
x5=	8.68442
x8=	6.3668
x0=	0.423567
x9=	7.56331
x2_BJT_18=	5.52728
x3_BJT_19=	4.33605
vin_BJT_20=	8.66427
x2_BJT_21=	8.28432
vcc_BJT_22=	2.67661
x1_BJT_23=	1.55927
x1_BJT_24=	1.25786
x4_BJT_25=	8.71084
vneg_BJT_26=	3.87679
x6_BJT_27=	7.23183
x4_BJT_28=	4.47783
x2_BJT_29=	9.90222
x7_BJT_30=	3.43792
x5_BJT_31=	8.50161
x2_BJT_32=	6.92792
x1_BJT_33=	7.26619
x5_BJT_34=	7.96313
vpos_BJT_35=	9.36914
x6_BJT_36=	7.78309
x8_BJT_37=	4.44924
x0_BJT_38=	3.52506
vcc_BJT_39=	3.55258
x0_BJT_40=	7.19843
x6_BJT_41=	3.53557
x7_BJT_42=	0.479138
x9_BJT_43=	9.75506
x0_BJT_44=	8.57361
}
